5.882535965554679547e-04 2.345638738876283467e+08
1.764760789666403647e-03 7.788133851955242455e+07
2.941267982777339123e-03 4.654483144593723118e+07
4.117775175888275033e-03 3.311489984295929223e+07
5.294282368999211376e-03 2.565382673019377142e+07
6.470789562110145984e-03 2.090587111297935247e+07
7.647296755221082327e-03 3.516689149989481270e+07
8.823803948332018671e-03 1.514700048372397386e+07
1.000031114144295415e-02 1.331089111334638298e+07
1.117681833455389136e-02 1.186133108410091698e+07
1.235332552766482683e-02 1.068787772709267959e+07
1.352983272077576057e-02 9.718503214781533927e+06
1.470633991388669605e-02 1.777166291572148725e+07
1.588284710699763153e-02 8.176518479743036442e+06
1.705935430010856874e-02 7.580901400830720551e+06
1.823586149321950595e-02 7.062138138552251272e+06
1.941236868633043969e-02 6.606255271701474674e+06
2.058887587944137690e-02 6.202473303919360042e+06
2.176538307255231411e-02 1.165982584560653754e+07
2.294189026566324785e-02 5.495563862827289850e+06
2.411839745877418506e-02 5.205052007836419158e+06
2.529490465188512227e-02 4.941564511449351907e+06
2.647141184499605948e-02 4.701498125852245837e+06
2.764791903810698975e-02 4.481862922008085065e+06
2.882442623121792696e-02 4.280157122559364885e+06
3.000093342432886070e-02 8.170506333802049980e+06
3.117744061743979792e-02 3.905058943745200057e+06
3.235394781055073166e-02 3.746332103445900604e+06
3.353045500366166887e-02 3.598743988781638909e+06
3.470696219677260608e-02 3.461161847992920782e+06
3.588346938988354329e-02 3.332601486928053200e+06
3.705997658299448050e-02 6.409806451084272005e+06
3.823648377610541771e-02 3.085063318703045603e+06
3.941299096921634798e-02 2.979242647563087288e+06
4.058949816232728519e-02 2.879556508083416615e+06
4.176600535543822240e-02 2.785486489137812052e+06
4.294251254854915961e-02 2.696570991778268013e+06
4.411901974166009682e-02 5.212530530836185440e+06
4.529552693477103403e-02 2.520650745622081682e+06
4.647203412788196430e-02 2.445193026378850453e+06
4.764854132099290152e-02 2.373461614258741960e+06
4.882504851410383873e-02 2.305187137662494089e+06
5.000155570721477594e-02 2.240125577611952089e+06
5.117806290032571315e-02 2.178055353655687533e+06
5.235457009343665036e-02 4.227214118530072272e+06
5.353107728654758063e-02 2.051991656935511855e+06
5.470758447965851784e-02 1.997971854324306129e+06
5.588409167276944811e-02 1.946226569717783248e+06
5.706059886588038532e-02 1.896615111280601472e+06
5.823710605899132253e-02 1.849008156214618823e+06
5.941361325210225280e-02 3.597465742015655152e+06
6.059012044521319001e-02 1.750410024061494507e+06
6.176662763832412723e-02 1.708308325232027331e+06
6.294313483143505750e-02 1.667780521685904590e+06
6.411964202454599471e-02 1.628739976985510904e+06
6.529614921765693192e-02 1.591106298760807142e+06
6.647265641076786913e-02 3.101469233079521451e+06
6.764916360387880634e-02 1.511767166743793758e+06
6.882567079698974355e-02 1.478062955953548662e+06
7.000217799010068076e-02 1.445491659811715363e+06
7.117868518321161797e-02 1.413997100732421735e+06
7.235519237632255518e-02 1.383526754956519697e+06
7.353169956943349239e-02 3.041787522241605446e+07
7.470820676254442960e-02 1.845148892168390378e+07
7.588471395565536681e-02 1.396544602550296485e+07
7.706122114876629015e-02 1.105936540556846745e+07
7.823772834187722736e-02 8.365177811207031831e+06
7.941423553498816457e-02 8.142449652744106017e+06
8.059074272809910178e-02 7.926224506207105704e+06
8.176724992121003899e-02 6.700406892685109749e+06
8.294375711432097620e-02 7.535009716039792635e+06
8.412026430743191341e-02 5.271495808334331959e+06
8.529677150054285062e-02 7.171723040702199563e+06
8.647327869365378783e-02 5.021675571423815563e+06
8.764978588676472504e-02 4.911055709372504614e+06
8.882629307987566225e-02 5.826784712985754944e+06
9.000280027298659946e-02 4.692479906940763816e+06
9.117930746609753667e-02 4.590389790058963001e+06
9.235581465920846000e-02 4.490900695263321511e+06
9.353232185231939722e-02 4.393914470777005889e+06
9.470882904543033443e-02 2.619596545548107941e+06
9.588533623854127164e-02 4.224012019845779054e+06
9.706184343165220885e-02 5.025771415560235269e+06
9.823835062476314606e-02 4.040216073654464912e+06
9.941485781787408327e-02 2.411226270616529509e+06
1.005913650109850205e-01 3.886535922114699148e+06
1.017678722040959577e-01 3.804385169819745235e+06
1.029443793972068949e-01 2.273364155885697808e+06
1.041208865903178321e-01 4.456375802783677354e+06
1.052973937834287693e-01 3.579225285633325111e+06
1.064739009765396927e-01 2.139559980645467062e+06
1.076504081696506299e-01 3.445698822457285132e+06
1.088269153627615671e-01 2.060979877613607794e+06
1.100034225558725043e-01 3.317884721342252102e+06
1.111799297489834415e-01 3.959284394804142416e+06
1.123564369420943648e-01 1.940852914007067680e+06
1.135329441352053020e-01 3.124182044769692235e+06
1.147094513283162392e-01 1.870378602241219720e+06
1.158859585214271765e-01 3.009384228537403978e+06
1.170624657145380998e-01 1.802737428636812605e+06
1.182389729076490370e-01 2.899155479617843404e+06
1.194154801007599742e-01 2.363084327874010894e+06
1.205919872938709114e-01 1.705103243946413742e+06
1.217684944869818486e-01 2.744021826761589851e+06
1.229450016800927858e-01 1.643861654883745126e+06
1.241215088732037231e-01 2.644047756023540627e+06
1.252980160663146603e-01 1.584920219400895061e+06
1.264745232594255975e-01 3.108265469755804632e+06
1.276510304525365347e-01 1.523912761590356706e+06
1.288275376456474719e-01 1.499495084213149268e+06
1.300040448387584091e-01 2.412026704247726128e+06
1.311805520318693463e-01 1.445786297329002758e+06
1.323570592249802835e-01 2.324175377866958268e+06
1.335335664180912207e-01 1.896448008627624717e+06
1.347100736112021580e-01 1.367736947662256192e+06
1.358865808043130952e-01 2.200094055223064963e+06
1.370630879974240324e-01 1.318595201186028309e+06
1.382395951905349696e-01 2.119588447395089548e+06
1.394161023836458790e-01 1.271112247839799384e+06
1.405926095767568162e-01 1.250853376215919387e+06
1.417691167698677535e-01 2.452319403999694157e+06
1.429456239629786907e-01 1.201872508017784217e+06
1.441221311560896279e-01 1.182674994391403394e+06
1.452986383492005651e-01 1.901164683966567740e+06
1.464751455423115023e-01 1.086651917537536286e+07
1.476516527354224395e-01 1.079642484919854812e+07
1.488281599285333767e-01 8.076937856953674927e+06
1.500046671216443139e-01 5.134973848197446205e+06
1.511811743147552511e-01 4.996584541804061271e+06
1.523576815078661884e-01 4.764439954883086495e+06
1.535341887009771256e-01 4.001912385236300528e+06
1.547106958940880628e-01 3.906774727987487335e+06
1.558872030871990000e-01 4.090766191292193718e+06
1.570637102803099372e-01 3.040355712797708809e+06
1.582402174734208744e-01 2.978426039159184787e+06
1.594167246665318116e-01 2.917410456644476391e+06
1.605932318596427488e-01 3.438518039249079768e+06
1.617697390527536860e-01 2.793024380694041494e+06
1.629462462458646232e-01 2.734669075479038525e+06
1.641227534389755605e-01 2.935963591214182787e+06
1.652992606320864977e-01 2.622087265145353507e+06
1.664757678251974349e-01 1.990859457578775706e+06
1.676522750183083721e-01 3.038760058688711375e+06
1.688287822114192815e-01 1.910228446225681342e+06
1.700052894045302188e-01 1.876320017053489340e+06
1.711817965976411560e-01 2.648939105421906337e+06
1.723583037907520932e-01 2.280809133097262587e+06
1.735348109838630304e-01 1.763321644180177012e+06
1.747113181769739676e-01 1.731315844763771631e+06
1.758878253700849048e-01 1.699738216577016748e+06
1.770643325631958420e-01 2.113229350443554111e+06
1.782408397563067792e-01 1.876146690772721078e+06
1.794173469494177164e-01 1.599950306620209711e+06
1.805938541425286537e-01 1.988032577434264356e+06
1.817703613356395909e-01 1.536074102747841971e+06
1.829468685287505281e-01 1.506970477848138660e+06
1.841233757218614653e-01 1.478238784257057356e+06
1.852998829149724025e-01 1.835336380185177550e+06
1.864763901080833397e-01 1.626437203117655125e+06
1.876528973011942769e-01 1.386996414530078415e+06
1.888294044943052141e-01 9.642751641706301598e+05
1.900059116874161513e-01 1.693051939855460776e+06
1.911824188805270885e-01 1.307613993798905518e+06
1.923589260736380258e-01 1.281331709010190098e+06
1.935354332667489630e-01 1.437103893894045614e+06
1.947119404598599002e-01 1.193592605115056736e+06
1.958884476529708374e-01 1.202997904705436202e+06
1.970649548460817746e-01 1.177967830234621651e+06
1.982414620391926841e-01 1.153234848635863978e+06
1.994179692323036213e-01 1.094875621651431778e+06
2.005944764254145585e-01 1.262444862048301380e+06
2.017709836185254957e-01 1.079425590119137894e+06
2.029474908116364329e-01 7.438854312548825983e+05
2.041239980047473701e-01 1.308213502441595308e+06
2.053005051978583073e-01 1.010789882981127710e+06
2.064770123909692445e-01 6.944799349781743949e+05
2.076535195840801817e-01 9.706720326961233513e+05
2.088300267771911189e-01 1.322782188562653959e+06
2.100065339703020562e-01 6.441584936772348592e+05
2.111830411634129934e-01 9.032035124298321316e+05
2.123595483565239306e-01 6.166363313324213959e+05
2.135360555496348678e-01 1.085838275383230532e+06
2.147125627427458050e-01 8.404732951009834651e+05
2.158890699358567422e-01 6.792414363791982178e+05
2.170655771289676794e-01 8.014483814748127479e+05
2.182420843220786166e-01 5.429891483683800325e+05
2.194185915151895538e-01 1.430342709928238532e+06
2.205950987083004911e-01 6.798366289982346818e+06
2.217716059014114283e-01 3.241463634053302463e+06
2.229481130945223655e-01 2.672200580995175987e+06
2.241246202876333027e-01 2.451748380761530716e+06
2.253011274807442399e-01 1.916571661929323571e+06
2.264776346738551216e-01 1.658134234560876619e+06
2.276541418669660588e-01 1.578258218182957964e+06
2.288306490600769960e-01 1.568961442859432427e+06
2.300071562531879332e-01 1.638571166568709072e+06
2.311836634462988704e-01 1.114128663079489954e+06
2.323601706394098076e-01 1.414718822404906619e+06
2.335366778325207449e-01 9.928445691791252466e+05
2.347131850256316821e-01 1.467393048596741166e+06
2.358896922187426193e-01 9.370626618072092533e+05
2.370661994118535565e-01 1.078493946498364210e+06
2.382427066049644937e-01 9.368927424705560552e+05
2.394192137980754309e-01 8.644860216988760512e+05
2.405957209911863681e-01 1.096408154947205679e+06
2.417722281842973053e-01 8.146677171422805404e+05
2.429487353774082425e-01 7.672910274347241502e+05
2.441252425705191798e-01 7.724593437263263622e+05
2.453017497636301170e-01 1.001476454083634308e+06
2.464782569567410542e-01 5.631113636780071538e+05
2.476547641498519914e-01 8.335533313597897068e+05
2.488312713429629008e-01 5.295165558025076753e+05
2.500077785360738658e-01 6.644623693979415111e+05
2.511842857291847753e-01 6.785840131753954338e+05
2.523607929222957402e-01 4.792268916667574667e+05
2.535373001154066497e-01 7.288436643703660229e+05
2.547138073085176146e-01 4.450584755645350087e+05
2.558903145016285241e-01 5.349980625969796674e+05
2.570668216947394891e-01 5.872779720433283364e+05
2.582433288878503985e-01 3.970686864237400005e+05
2.594198360809613635e-01 4.776588601686620386e+05
2.605963432740722729e-01 3.685662604793876526e+05
2.617728504671832379e-01 4.444259342219880200e+05
2.629493576602941474e-01 3.662970526998977293e+05
2.641258648534050568e-01 3.308621829149916302e+05
2.653023720465160218e-01 3.977214504420462181e+05
2.664788792396269312e-01 4.162714292253283784e+05
2.676553864327378962e-01 3.659216649313571979e+05
2.688318936258488057e-01 2.858203122842341545e+05
2.700084008189597706e-01 2.695445430209407350e+05
2.711849080120706801e-01 3.242450725765777752e+05
2.723614152051816450e-01 2.533087191011105315e+05
2.735379223982925545e-01 1.523206265177936293e+05
2.747144295914035195e-01 2.944728483537005377e+05
2.758909367845144289e-01 2.324162302410966658e+05
2.770674439776253939e-01 2.724421165423933417e+05
2.782439511707363033e-01 2.168376399160184083e+05
2.794204583638472683e-01 2.101150077755019593e+05
2.805969655569581778e-01 2.420172333037148637e+05
2.817734727500691427e-01 1.949177878717448621e+05
2.829499799431800522e-01 1.883701567643503367e+05
2.841264871362910172e-01 1.380739727751638275e+05
2.853029943294019266e-01 1.754368977934556024e+05
2.864795015225128916e-01 1.690499393078289286e+05
2.876560087156238010e-01 1.852884364082873217e+05
2.888325159087347660e-01 1.545586805297658721e+05
2.900090231018456755e-01 8.396272779654992337e+04
2.911855302949566404e-01 1.588846204586430686e+05
2.923620374880675499e-01 1.360353866788233863e+05
2.935385446811784593e-01 1.299599442734708573e+05
2.947150518742894243e-01 7.435980503658523958e+04
2.958915590674003337e-01 1.179540004346628266e+05
2.970680662605112987e-01 1.120223509539051884e+05
2.982445734536222082e-01 1.061374994966644008e+05
2.994210806467331731e-01 5.060124402984392509e+04
3.005975878398440826e-01 9.810622099593831808e+04
3.017740950329550476e-01 9.413754828651521530e+04
3.029506022260659570e-01 4.554638327915112313e+04
3.041271094191769220e-01 8.807154213553003501e+04
3.053036166122878314e-01 8.418741931816347642e+04
3.064801238053987964e-01 4.060794926359904639e+04
3.076566309985097059e-01 7.826710447268368443e+04
3.088331381916206708e-01 7.446472186908836011e+04
3.100096453847315803e-01 3.578196535845801554e+04
3.111861525778425452e-01 6.868507371334236814e+04
3.123626597709534547e-01 6.496174639626351563e+04
3.135391669640644197e-01 3.106463399902372839e+04
3.147156741571753291e-01 5.931796700841616985e+04
3.158921813502862941e-01 2.826380340413967861e+04
3.170686885433972035e-01 5.375795429051833344e+04
3.182451957365081685e-01 5.015863346515192825e+04
3.194217029296190780e-01 2.371642100477952044e+04
3.205982101227300429e-01 4.472705636281453917e+04
3.217747173158408969e-01 2.102052854138691691e+04
3.229512245089519173e-01 3.937462792499207717e+04
3.241277317020627713e-01 3.589283860776491201e+04
3.253042388951737918e-01 1.663396616584252115e+04
3.264807460882846457e-01 3.066194429903638229e+04
3.276572532813956662e-01 1.403733536131826986e+04
3.288337604745065201e-01 2.550591073175656493e+04
3.300102676676175406e-01 1.147773316006709319e+04
3.311867748607283946e-01 2.042314229509528377e+04
3.323632820538394150e-01 8.954373113877880314e+03
3.335397892469502690e-01 1.541208840427754694e+04
3.347162964400612895e-01 1.212467041701790185e+04
3.358928036331721434e-01 4.832880887764053114e+03
3.370693108262831639e-01 7.224018290348884875e+03
3.382458180193940178e-01 2.399630423402847555e+03
3.394223252125050383e-01 2.391312813616355470e+03
